243 368
245 395
250 423
257 452
269 479
287 503
311 521
338 536
371 538
402 531
426 513
446 490
460 462
467 432
469 402
468 372
466 342
258 333
268 316
287 307
309 306
329 312
367 307
387 297
408 294
429 301
442 316
350 341
352 361
354 380
355 400
332 421
345 424
359 425
372 421
384 416
281 355
293 347
307 345
320 352
308 356
293 357
384 346
396 337
410 335
423 341
412 345
398 346
324 467
336 452
351 444
363 446
375 441
392 446
406 458
396 472
381 481
367 484
354 484
339 478
332 465
352 457
364 457
377 454
399 458
378 463
365 465
353 465
