242 361
243 392
247 425
253 456
264 487
282 514
305 535
333 550
365 555
397 549
424 532
445 509
462 482
472 452
477 419
480 386
480 354
263 320
275 304
294 297
315 298
334 308
383 307
402 297
423 295
443 301
455 318
360 344
361 365
362 386
363 408
335 433
349 434
363 436
377 433
390 430
283 350
296 343
312 343
325 354
311 357
295 356
396 353
409 342
424 340
437 348
425 354
410 355
318 479
334 467
351 461
364 465
377 461
392 465
408 476
393 489
378 497
364 499
350 498
334 492
325 479
351 477
364 478
377 476
401 476
377 478
364 480
351 478
