413 770
420 837
432 903
445 971
463 1039
502 1098
555 1144
618 1182
692 1192
765 1180
827 1140
876 1091
909 1032
925 964
935 896
946 829
950 762
456 698
490 665
539 660
586 669
633 685
728 680
775 661
823 651
872 654
908 686
681 750
682 800
682 847
682 896
625 933
654 937
682 943
711 936
740 931
509 767
539 754
572 755
602 772
570 776
537 775
763 768
791 752
824 750
855 761
828 770
794 772
580 1018
618 1000
657 984
684 991
710 981
751 996
794 1013
755 1046
716 1065
688 1069
659 1068
620 1052
597 1023
658 1019
685 1020
712 1017
777 1017
713 1021
686 1026
659 1024
