452 748
455 818
463 888
477 958
498 1028
532 1092
583 1149
646 1190
726 1203
804 1192
865 1149
912 1093
945 1029
966 961
984 892
995 824
999 756
496 652
527 609
578 587
634 593
686 617
788 614
838 594
893 595
941 620
967 665
737 700
736 752
736 803
735 856
672 902
701 910
732 919
762 912
790 906
547 720
578 701
615 702
648 723
613 731
575 731
819 728
854 709
890 710
919 732
890 741
853 738
625 1004
666 984
702 971
729 979
756 971
791 985
829 1008
792 1032
758 1047
729 1050
700 1047
665 1032
644 1006
701 1001
729 1003
756 1001
812 1009
757 1004
730 1009
702 1005
