479 711
483 767
489 825
502 880
522 933
553 981
596 1018
650 1044
713 1049
772 1035
819 999
853 953
875 903
885 848
888 793
888 740
886 689
532 634
552 604
584 588
620 591
654 605
733 606
765 590
799 586
831 600
847 631
696 678
699 717
703 755
706 794
661 833
683 838
705 844
727 836
747 829
571 693
593 679
620 681
643 701
618 708
590 706
748 697
769 677
794 674
816 687
798 701
772 704
620 906
654 892
684 884
705 890
725 882
753 887
783 897
754 919
729 933
708 936
685 936
655 927
633 907
685 904
706 905
726 902
770 899
727 902
706 908
685 906
