381 770
380 852
388 937
401 1023
425 1108
477 1181
548 1239
630 1285
727 1293
821 1273
893 1220
951 1158
990 1085
1003 1002
1006 919
1006 838
1001 761
437 687
477 648
534 638
592 650
647 674
752 671
804 648
857 635
911 642
949 675
705 751
708 807
712 862
715 919
649 974
682 978
715 986
746 975
775 968
507 774
541 761
577 763
606 779
574 784
539 784
797 774
826 757
859 754
893 764
864 774
831 777
591 1092
645 1066
685 1050
716 1057
747 1047
787 1059
836 1079
792 1102
755 1117
722 1122
689 1121
647 1112
613 1094
687 1082
717 1083
749 1079
817 1082
751 1075
719 1080
688 1078
