242 694
244 745
250 798
257 849
273 899
302 941
344 972
393 993
449 1000
504 994
549 971
585 938
610 895
624 846
633 797
638 747
641 698
284 637
310 609
348 601
387 604
424 618
488 619
524 608
560 607
594 619
614 648
458 673
458 706
459 738
460 771
412 808
434 813
456 818
478 814
499 810
327 677
351 664
376 665
396 684
374 685
348 684
509 687
531 671
554 671
575 685
556 690
531 690
382 886
408 863
435 851
456 859
476 853
501 868
521 891
501 912
476 921
454 922
431 919
405 907
394 885
434 878
455 880
476 880
510 889
476 886
455 887
434 884
