472 819
471 869
473 918
478 969
491 1019
517 1062
553 1099
598 1129
652 1140
707 1135
757 1109
799 1075
830 1034
847 986
857 936
865 886
871 836
498 771
522 748
556 741
591 747
624 761
701 763
737 751
775 748
811 760
833 788
662 812
661 848
659 883
657 921
614 944
634 951
656 957
679 952
700 947
536 817
558 807
583 808
606 825
581 828
556 826
721 829
745 815
770 817
791 830
770 836
744 834
582 1014
612 1002
639 992
656 999
673 994
700 1006
730 1021
700 1044
673 1055
654 1057
634 1053
609 1038
593 1017
638 1019
655 1022
673 1020
719 1022
673 1020
655 1022
637 1018
