393 811
398 879
411 949
424 1018
443 1085
477 1146
523 1199
581 1241
653 1255
723 1243
781 1203
825 1151
855 1090
873 1023
886 957
901 892
907 826
449 740
481 704
529 690
576 699
618 723
699 728
742 707
790 700
837 714
867 751
660 796
660 847
661 896
661 946
607 989
633 997
658 1003
684 997
709 991
497 808
525 790
558 792
584 814
556 821
522 821
730 818
756 796
788 795
813 814
790 826
758 826
565 1082
599 1062
633 1050
656 1058
682 1051
716 1065
749 1085
717 1116
684 1134
656 1137
631 1133
598 1114
579 1085
632 1085
656 1087
682 1085
735 1087
683 1092
656 1097
632 1092
