344 835
347 927
363 1017
384 1108
414 1196
456 1276
516 1342
591 1393
685 1407
779 1389
853 1337
909 1268
947 1186
973 1095
992 1005
1006 915
1005 826
385 731
432 686
498 681
562 697
623 723
746 724
806 696
868 681
930 687
970 734
685 805
684 873
684 940
683 1010
607 1053
643 1062
681 1071
720 1061
757 1053
452 821
490 804
532 806
571 829
530 836
488 836
794 828
831 806
872 804
908 821
876 835
834 835
568 1188
611 1154
651 1131
686 1141
721 1130
764 1152
808 1184
768 1219
727 1239
690 1245
652 1241
612 1222
589 1188
651 1176
687 1180
722 1175
788 1185
723 1178
688 1185
653 1180
