481 609
484 662
493 717
502 772
517 825
547 872
586 912
631 945
688 954
746 945
792 913
830 874
858 829
873 775
878 720
884 665
887 612
510 562
534 534
571 528
610 533
645 549
711 547
748 533
789 527
827 535
852 563
680 588
681 629
682 668
682 709
639 741
661 747
682 753
704 747
726 741
552 601
572 588
598 588
621 603
598 609
571 610
739 602
762 588
789 588
809 600
789 608
763 608
611 811
640 804
663 798
684 804
704 798
728 804
759 811
729 825
704 831
684 833
663 831
639 824
622 812
663 812
684 815
704 812
749 812
704 812
684 816
663 812
