393 674
399 742
411 809
424 877
440 945
473 1007
520 1058
582 1095
655 1106
728 1097
794 1062
846 1011
877 950
894 880
904 812
913 744
918 672
434 588
467 559
513 557
556 566
598 584
676 586
722 566
770 557
819 558
858 585
641 645
641 685
641 724
641 765
596 815
620 820
644 824
670 819
695 815
480 663
507 644
539 646
567 668
537 673
505 672
724 665
752 642
785 641
814 658
788 668
755 669
559 921
587 880
623 859
648 865
674 858
714 879
747 920
715 958
677 977
649 980
621 977
586 959
576 920
624 899
649 899
675 897
729 918
675 927
648 930
622 927
