242 373
246 402
251 430
258 458
269 484
287 506
312 524
339 536
371 538
403 531
428 514
449 492
462 467
467 438
468 410
469 383
469 356
260 346
274 332
294 329
315 331
335 336
373 333
394 326
415 321
436 323
450 336
356 360
358 378
359 396
360 414
335 432
348 433
361 435
374 431
386 429
285 371
298 363
312 362
326 369
312 373
298 374
387 365
399 356
414 354
427 361
416 366
401 367
319 469
335 460
351 453
363 455
374 452
390 455
408 460
393 474
378 483
366 485
353 485
337 480
326 470
352 466
363 466
375 464
402 462
376 464
364 467
352 467
