450 643
453 696
461 749
471 801
487 854
516 896
559 928
612 949
674 955
734 947
786 924
829 890
855 844
869 793
878 740
882 687
882 634
486 572
511 544
548 536
586 541
624 554
703 548
740 533
777 529
813 537
839 562
664 609
664 645
664 680
665 715
622 752
644 757
668 763
690 756
713 750
526 626
549 608
577 608
602 626
577 632
548 634
728 622
751 604
779 602
802 619
781 628
752 627
594 833
624 813
650 802
670 808
689 802
717 811
750 829
717 845
690 851
669 852
648 851
622 847
604 831
650 824
670 826
690 825
737 828
688 824
669 827
648 824
