482 791
488 853
500 915
513 978
535 1036
571 1088
620 1131
677 1164
745 1172
812 1155
865 1113
909 1062
939 1006
955 945
960 882
962 819
960 755
517 709
543 672
586 658
630 664
671 681
746 674
787 651
831 639
876 647
907 678
714 745
716 786
717 826
720 868
674 914
699 919
724 922
749 915
772 909
568 769
592 751
621 750
648 768
622 775
592 778
782 759
807 737
837 733
863 748
841 760
811 763
646 1007
679 985
709 970
730 977
752 967
783 978
819 995
787 1026
758 1045
735 1050
711 1047
681 1033
660 1007
710 1003
732 1004
754 1000
804 997
754 1001
732 1007
710 1004
